1 0
0.989796 0.0226152
0.979592 0.0306954
0.969388 0.0361481
0.959184 0.0402099
0.94898 0.0433884
0.938776 0.0459565
0.928571 0.0480822
0.918367 0.0498778
0.908163 0.0514217
0.897959 0.052771
0.887755 0.053968
0.877551 0.0550446
0.867347 0.0560247
0.857143 0.0569268
0.846939 0.0577647
0.836735 0.0585488
0.826531 0.0592871
0.816327 0.0599852
0.806122 0.0606472
0.795918 0.0612759
0.785714 0.0618731
0.77551 0.06244
0.765306 0.062977
0.755102 0.0634841
0.744898 0.0639612
0.734694 0.0644079
0.72449 0.0648237
0.714286 0.0652079
0.704082 0.0655602
0.693878 0.0658799
0.683673 0.0661668
0.673469 0.0664205
0.663265 0.0666409
0.653061 0.066828
0.642857 0.0669819
0.632653 0.0671031
0.622449 0.0671918
0.612245 0.0672487
0.602041 0.0672745
0.591837 0.06727
0.581633 0.0672362
0.571429 0.067174
0.561224 0.0670846
0.55102 0.0669691
0.540816 0.0668286
0.530612 0.0666644
0.520408 0.0664775
0.510204 0.0662692
0.5 0.0660405
0.489796 0.0657923
0.479592 0.0655257
0.469388 0.0652413
0.459184 0.0649398
0.44898 0.0646217
0.438776 0.0642873
0.428571 0.0639367
0.418367 0.0635698
0.408163 0.0631863
0.397959 0.0627855
0.387755 0.0623667
0.377551 0.0619287
0.367347 0.0614702
0.357143 0.0609895
0.346939 0.0604846
0.336735 0.0599533
0.326531 0.0593931
0.316327 0.058801
0.306122 0.058174
0.295918 0.0575087
0.285714 0.0568012
0.27551 0.0560476
0.265306 0.0552436
0.255102 0.0543847
0.244898 0.0534662
0.234694 0.052483
0.22449 0.0514301
0.214286 0.0503019
0.204082 0.0490932
0.193878 0.0477982
0.183673 0.0464113
0.173469 0.0449269
0.163265 0.043339
0.153061 0.0416422
0.142857 0.0398307
0.132653 0.0378992
0.122449 0.0358423
0.112245 0.0336551
0.102041 0.0313329
0.0918367 0.0288711
0.0816327 0.0262661
0.0714286 0.0235143
0.0612245 0.020613
0.0510204 0.01756
0.0408163 0.0143538
0.0306122 0.0109938
0.0204082 0.0074805
0.0102041 0.00381507
0 0
0 0
0.0102041 -0.0222152
0.0204082 -0.0306327
0.0306122 -0.0365612
0.0408163 -0.041125
0.0510204 -0.0447773
0.0612245 -0.0477616
0.0714286 -0.0502308
0.0816327 -0.05229
0.0918367 -0.054017
0.102041 -0.055472
0.112245 -0.056703
0.122449 -0.0577493
0.132653 -0.0586437
0.142857 -0.0594138
0.153061 -0.0600828
0.163265 -0.0606706
0.173469 -0.0611939
0.183673 -0.0616669
0.193878 -0.0621012
0.204082 -0.0625066
0.214286 -0.0628908
0.22449 -0.0632599
0.234694 -0.0636182
0.244898 -0.0639689
0.255102 -0.0643136
0.265306 -0.0646527
0.27551 -0.0649858
0.285714 -0.0653111
0.295918 -0.0656262
0.306122 -0.0659279
0.316327 -0.0662121
0.326531 -0.0664742
0.336735 -0.0667091
0.346939 -0.0669111
0.357143 -0.0670744
0.367347 -0.0671926
0.377551 -0.0672595
0.387755 -0.0672683
0.397959 -0.0672126
0.408163 -0.0670858
0.418367 -0.0668814
0.428571 -0.0665931
0.438776 -0.0662149
0.44898 -0.0657411
0.459184 -0.0651662
0.469388 -0.0644855
0.479592 -0.0636943
0.489796 -0.0627888
0.5 -0.0617658
0.510204 -0.0606225
0.520408 -0.0593569
0.530612 -0.0579678
0.540816 -0.0564547
0.55102 -0.0548179
0.561224 -0.0530586
0.571429 -0.0511787
0.581633 -0.0491811
0.591837 -0.0470696
0.602041 -0.0448488
0.612245 -0.0425243
0.622449 -0.0401027
0.632653 -0.0375913
0.642857 -0.0349984
0.653061 -0.0323334
0.663265 -0.0296063
0.673469 -0.0268281
0.683673 -0.0240106
0.693878 -0.0211664
0.704082 -0.0183089
0.714286 -0.0154523
0.72449 -0.0126112
0.734694 -0.00980105
0.744898 -0.00703784
0.755102 -0.00433796
0.765306 -0.00171826
0.77551 0.000804087
0.785714 0.00321166
0.795918 0.0054869
0.806122 0.00761218
0.816327 0.00956993
0.826531 0.0113428
0.836735 0.0129136
0.846939 0.0142656
0.857143 0.0153829
0.867347 0.0162498
0.877551 0.0168519
0.887755 0.0171754
0.897959 0.0172081
0.908163 0.0169387
0.918367 0.0163577
0.928571 0.0154573
0.938776 0.0142315
0.94898 0.0126763
0.959184 0.0107903
0.969388 0.0085744
0.979592 0.00603235
0.989796 0.00317089
1 0
